2.000000000000000000e+03 1.815890994583501186e-02
3.053309866666666494e+03 1.775624456077000077e-02
4.106619733333332988e+03 1.814592073986517201e-02
5.159929599999999482e+03 1.806798550404613637e-02
6.213239466666665976e+03 1.845766168314131109e-02
7.266549333333332470e+03 1.826282359359372373e-02
8.319859199999998964e+03 1.854858612493018311e-02
9.373169066666665458e+03 1.940587371893956123e-02
1.042647893333333195e+04 1.967864704430618075e-02
1.147978879999999845e+04 2.057490225622507843e-02
1.253309866666666494e+04 1.967864704430618075e-02
1.358640853333333143e+04 1.884733786223648233e-02
1.463971839999999793e+04 1.830179121150323981e-02
1.569302826666666442e+04 1.786015820852871264e-02
1.674633813333333092e+04 1.787314741449855249e-02
1.779964799999999741e+04 1.741852520555418546e-02
1.885295786666666390e+04 1.747048202943354139e-02
1.990626773333333040e+04 1.702884902645901422e-02
2.095957759999999689e+04 1.689895696676062264e-02
2.201288746666666339e+04 1.727564393988595404e-02
2.306619733333332988e+04 1.735357917570498967e-02
2.411950719999999637e+04 1.752243885331289733e-02
2.517281706666666287e+04 1.726265473391611419e-02
2.622612693333332936e+04 1.754841726525257356e-02
2.727943679999999586e+04 1.734058996973514982e-02
2.833274666666666235e+04 1.747048202943354139e-02
2.938605653333332884e+04 1.711977346824788623e-02
3.043936639999999534e+04 1.735357917570498967e-02
3.149267626666666183e+04 1.743151441152402184e-02
3.254598613333332833e+04 1.709379505630820653e-02
3.359929599999999482e+04 1.705482743839869045e-02
3.465260586666666495e+04 1.723667632197643795e-02
3.570591573333332781e+04 1.736656838167482952e-02
3.675922559999999066e+04 1.713276267421772608e-02
3.781253546666666080e+04 1.744450361749386169e-02
3.886584533333333093e+04 1.728863314585579389e-02
3.991915519999999378e+04 1.692493537870029888e-02
4.097246506666665664e+04 1.718471949809708202e-02
4.202577493333332677e+04 1.695091379063997858e-02
4.307908479999999690e+04 1.700287061451933451e-02
4.413239466666665976e+04 1.717173029212724217e-02
4.518570453333332262e+04 1.717173029212724217e-02
4.623901439999999275e+04 1.700287061451933451e-02
4.729232426666666288e+04 1.688596776079078279e-02
4.834563413333332574e+04 1.705482743839869045e-02
4.939894399999998859e+04 1.706781664436853030e-02
5.045225386666665872e+04 1.726265473391611419e-02
5.150556373333332886e+04 1.669112967124319544e-02
5.255887359999999171e+04 1.735357917570498967e-02
5.361218346666665457e+04 1.719770870406692187e-02
5.466549333333332470e+04 1.687297855482094294e-02
5.571880319999999483e+04 1.710678426227804638e-02
5.677211306666665769e+04 1.700287061451933451e-02
5.782542293333332054e+04 1.666515125930351920e-02
5.887873279999999068e+04 1.676906490706223107e-02
5.993204266666666081e+04 1.675607570109239122e-02
6.098535253333332366e+04 1.717173029212724217e-02
